2.044
1.981
1.916
2.022
2.061
2.056
2.023
2.105
2.005
2.011
2.034
2.041
2.042
2.084
1.995
2.03
1.962
1.968
2.003
1.96
1.95
1.848
1.82
1.77
1.723
1.712
1.654
1.605
1.604
1.642
1.537
1.517
1.567
1.553
1.5
1.475
1.446
1.424
1.318
1.276
1.226
1.187
1.196
1.207
1.219
1.206
1.197
1.186
1.185
1.146
1.145
1.162
1.162
1.114
1.094
1.101
1.13
1.147
1.159
1.149
1.14
1.12
1.11
1.1
1.1
1.08
1.071
1.08
1.063
1.062
1.062
1.052
1.052
1.053
1.072
1.071
1.07
1.07
1.07
1.09
1.06
1.04
1.06
1.06
1.06
1.06
1.06
1.04
1.04
1.04
1.04
1.041
1.061
1.042
1.063
1.023
1.023
1.023
1.042
1.022
1.021
1.021
1.021
1.001
1.002
1.002
1.002
1.001
1.001
1.001
1.001
1.001
1.001
1.02
1.001
1.0
1.0
1.0
1.0
1.0
1.0
1.0
1.0
1.0
1.0
1.0
1.019
1.019
1.019
1.019
1.019
1.019
1.039
1.038
1.038
1.019
1.019
1.019
1.019
1.019
1.019
1.019
1.019
1.039
1.039
1.039
1.039
1.039
1.039
1.039
1.039
1.039
1.039
1.039
1.039
1.039
1.02
1.02
1.04
1.04
1.04
1.02
1.02
1.02
1.02
1.02
1.02
1.02
1.039
1.039
1.039
1.039
1.039
1.059
1.059
1.059
1.059
1.04
1.04
1.02
1.001
1.021
1.041
1.022
1.022
1.022
1.022
1.021
1.02
1.02
1.02
1.02
1.02
1.039
1.039
1.039
1.039
1.039
1.039
1.04
1.04
1.04
1.04
1.02
1.02
1.039
1.039
1.039
1.039
1.019
1.019
1.019
1.019
1.019
1.019
1.019
1.019
1.019
1.019
1.019
1.019
1.0
1.0
1.0
1.0
1.001
1.001
1.001
1.001
1.02
1.04
1.059
1.059
1.059
1.058
1.058
1.038
1.038
1.038
1.038
1.058
1.058
1.058
1.039
1.039
1.039
1.039
1.039
1.039
1.039
1.039
1.039
1.02
1.02
1.021
1.022
1.022
1.022
1.023
1.023
1.022
1.022
1.022
1.021
1.021
1.021
1.021
1.02
1.04
1.04
1.04
1.04
1.04
1.04
1.02
1.02
1.02
1.0
1.0
1.0
1.0
1.001
1.001
1.001
1.021
1.021
1.021
1.021
1.021
1.021
1.021
1.022
1.022
1.023
1.022
1.022
1.022
1.042
1.041
1.041
1.041
1.041
1.04
1.04
1.04
1.04
1.059
1.04
1.04
1.04
1.041
1.042
1.042
1.041
1.042
1.04
1.04
1.04
1.04
1.04
1.04
1.021
1.021
1.001
1.001
1.001
1.001
1.002
1.003
1.004
1.003
1.003
1.003
1.003
1.003
1.002
1.003
1.002
1.003
1.003
1.003
1.003
1.022
1.022
1.002
1.003
1.003
1.002
1.003
1.003
1.022
1.022
1.001
1.001
1.022
1.021
1.021
1.02
1.02
1.02
1.0
1.0
1.0
1.0
1.0
1.0
1.0
1.0
1.0
1.0
1.0
1.0
1.0
1.0
1.0
1.0
1.0
1.0
1.0
1.0
1.0
1.0
1.0
1.0
1.0
1.0
1.0
1.0
1.0
1.0
1.0
1.0
1.0
1.0
1.0
1.0
1.0
1.0
1.0
1.0
1.0
1.0
1.0
1.0
1.0
1.0
1.0
1.0
1.0
1.0
1.0
1.0
1.0
1.0
1.0
1.0
1.0
1.0
1.0
1.0
1.0
1.0
1.02
1.02
1.02
1.0
1.0
1.0
1.0
1.0
1.0
1.0
1.019
1.019
1.0
1.02
1.0
1.001
1.001
1.001
1.001
1.002
1.002
1.002
1.011
1.02
1.02
1.02
1.01
1.01
1.01
1.01
1.01
1.019
1.019
1.0
1.0
1.01
1.01
1.01
1.01
1.01
1.01
1.01
1.01
1.01
1.0
1.0
1.0
1.0
1.0
1.0
1.0
1.0
1.0
1.0
1.0
1.0
1.0
1.0
1.0
1.0
1.0
1.0
1.0
1.0
1.0
1.0
1.0
1.0
1.0
1.0
1.0
1.0
1.0
1.01
1.01
1.01
1.01
1.01
1.01
1.0
1.0
1.0
1.0
1.0
1.0
1.0
1.0
1.0
1.0
1.0
1.0
1.0
1.0
1.0
1.0
1.0
1.0
1.0
1.0
1.0
1.001
1.001
1.001
1.001
1.001
1.001
1.001
1.001
1.001
1.001
1.021
1.021
1.021
1.02
1.02
1.02
1.02
1.02
1.02
1.03
1.011
1.001
1.001
1.001
1.001
1.0
1.0
1.01
1.01
1.01
1.0
1.0
1.019
1.019
1.019
1.019
1.019
1.019
1.02
1.02
1.039
1.039
1.039
1.039
1.039
1.039
1.019
1.019
1.019
1.019
1.039
1.039
1.039
1.039
1.039
1.039
1.039
1.039
1.039
1.02
1.0
1.0
1.0
1.0
1.0
1.0
1.0
1.02
1.0
1.0
1.0
1.0
1.0
1.0
1.0
1.0
1.0
1.0
1.0
1.0
1.0
1.0
1.0
1.001
1.001
1.002
1.002
1.003
1.003
1.004
1.004
1.003
1.003
1.003
1.024
1.023
1.022
1.022
1.043
1.043
1.023
1.023
1.023
1.024
1.024
1.024
1.025
1.026
1.025
1.024
1.024
1.003
1.003
1.006
1.006
1.005
1.005
1.003
1.023
1.023
1.033
1.023
1.003
1.003
1.004
1.003
1.003
1.004
1.003
1.003
1.002
1.002
1.002
1.002
1.002
1.003
1.023
1.023
1.022
1.002
1.002
1.022
1.02
1.0
1.0
1.0
1.0
1.0
1.0
1.0
1.0
1.0
1.0
1.0
1.0
1.0
1.02
1.0
1.0
1.0
1.0
1.0
1.0
1.0
1.0
1.0
1.0
1.0
1.0
1.0
1.0
1.0
1.001
1.021
1.021
1.022
1.022
1.022
1.022
1.022
1.022
1.022
1.022
1.022
1.022
1.022
1.023
1.023
1.023
1.023
1.023
1.041
1.041
1.041
1.051
1.081
1.081
1.091
1.101
1.101
1.101
1.101
1.101
1.101
1.101
1.101
1.101
1.127
1.121
1.1
1.08
1.06
1.06
1.02
1.02
1.02
1.02
1.02
1.02
1.02
1.02
1.02
1.02
1.02
1.04
1.04
1.04
1.02
1.02
1.02
1.02
1.02
1.02
1.02
1.0
1.0
1.0
1.0
1.0
1.0
1.0
1.0
1.0
1.0
1.01
1.01
1.01
1.03
1.03
1.04
1.06
1.06
1.05
1.05
1.07
1.07
1.04
1.04
1.04
1.04
1.02
1.02
1.02
1.02
1.02
1.02
1.02
1.02
1.02
1.02
1.0
1.0
1.0
1.0
1.0
1.0
1.0
1.0
1.0
1.0
1.0
1.0
1.0
1.02
1.02
1.02
1.02
1.02
1.02
1.02
1.02
1.0
1.0
1.0
1.0
1.0
1.0
1.0
1.0
1.0
1.0
1.0
1.0
1.0
1.0
1.0
1.0
1.0
1.0
1.0
1.0
1.0
1.0
1.0
1.0
1.0
1.0
1.0
1.0
1.0
1.0
1.0
1.0
1.02
1.02
1.02
1.02
1.0
1.0
1.0
1.0
1.0
1.0
1.0
1.0
1.0
1.0
1.0
1.0
1.0
1.0
1.02
1.02
1.02
1.02
1.02
1.02
1.0
1.0
1.0
1.0
1.0
1.0
1.02
1.02
1.02
1.02
1.02
1.02
1.021
1.04
1.04
1.02
1.02
1.02
1.02
1.021
1.04
1.04
1.051
1.05
1.05
1.05
1.05
1.05
1.031
1.03
1.03
1.03
1.05
1.03
1.02
1.02
1.02
1.02
1.02
1.021
1.021
1.021
1.041
1.041
1.021
1.021
1.021
1.021
1.021
1.021
1.022
1.022
1.022
1.021
1.022
1.021
1.001
1.0
1.0
1.0
1.0
1.0
1.0
1.0
1.0
1.02
1.04
1.02
1.02
1.02
1.02
1.02
1.02
1.02
1.04
1.04
1.02
1.02
1.02
1.04
1.04
1.04
1.04
1.02
1.02
1.02
1.02
1.02
1.04
1.04
1.04
1.04
1.04
1.04
1.04
1.04
1.06
1.022
1.06
1.022
1.06
1.06
1.06
1.02
1.02
1.02
1.02
1.02
1.04
1.04
1.04
1.041
1.041
1.041
1.041
1.061
1.061
1.061
1.061
1.071
1.062
1.062
1.082
1.082
1.082
1.062
1.063
1.063
1.043
1.043
1.043
1.043
1.022
1.022
1.024
1.024
1.024
1.024
1.025
1.025
1.024
1.024
1.025
1.026
1.008
1.046
1.009
1.01
1.009
1.009
1.008
1.026
1.044
1.024
1.025
1.043
1.045
1.043
1.024
1.025
1.025
1.025
1.023
1.024
1.025
1.024
1.024
1.024
1.023
1.023
1.023
1.022
1.022
1.022
1.022
1.042
1.042
1.042
1.042
1.062
1.062
1.072
1.071
1.091
1.072
1.072
1.092
1.092
1.092
1.091
1.112
1.112
1.102
1.102
1.083
1.103
1.103
1.084
1.093
1.113
1.093
1.094
1.094
1.094
1.092
1.072
1.052
1.051
1.052
1.043
1.043
1.043
1.022
1.002
1.001
1.001
1.002
1.003
1.002
1.002
1.002
1.002
1.002
1.002
1.002
1.002
1.002
1.002
1.002
1.002
1.002
1.002
1.003
1.001
1.0
1.02
1.02
1.02
1.02
1.02
1.02
1.02
1.02
1.02
1.02
1.02
1.0
1.019
1.019
1.019
1.019
1.019
1.019
1.019
1.019
1.019
1.019
1.019
1.019
1.019
1.019
1.019
1.019
1.019
1.019
1.038
1.019
1.038
1.057
1.038
1.02
1.019
1.019
1.019
1.019
1.019
1.0
1.0
1.019
1.019
1.019
1.019
1.019
1.019
1.019
1.019
1.019
1.019
1.019
1.019
1.019
1.0
1.0
1.0
1.0
1.019
1.019
1.019
1.039
1.039
1.039
1.039
1.039
1.039
1.039
1.039
1.02
1.02
1.02
1.021
1.021
1.021
1.04
1.04
1.041
1.04
1.04
1.04
1.04
1.04
1.041
1.041
1.041
1.06
1.051
1.042
1.062
1.043
1.043
1.023
1.022
1.022
1.022
1.021
1.022
1.022
1.022
1.04
1.041
1.022
1.021
1.021
1.023
1.042
1.043
1.044
1.024
1.024
1.023
1.023
1.004
1.004
1.005
1.005
1.007
1.009
1.01
1.01
1.011
1.01
1.013
1.013
1.012
1.014
1.014
1.015
1.034
1.053
1.034
1.033
1.043
1.055
1.035
1.041
1.031
1.032
1.04
1.032
1.033
1.033
1.032
1.032
1.031
1.031
1.033
1.012
1.009
1.011
1.01
1.01
1.011
1.012
1.012
1.012
1.013
1.013
1.035
1.037
1.036
1.044
1.038
1.019
1.018
1.02
1.021
1.023
1.022
1.021
1.021
1.02
1.021
1.019
1.017
1.038
1.023
1.04
1.038
1.02
1.039
1.019
1.037
1.037
1.039
1.035
1.013
1.012
1.012
1.016
1.016
1.016
1.012
1.013
1.011
1.011
1.011
1.012
1.016
1.017
1.018
1.018
1.019
1.015
1.012
1.01
1.011
1.012
1.012
1.011
1.011
1.011
1.01
1.01
1.009
1.009
1.008
1.005
1.005
1.003
1.003
1.002
1.001
1.001
1.001
1.001
1.001
1.02
1.02
1.02
1.02
1.02
1.039
1.022
1.039
1.058
1.039
1.039
1.039
1.019
1.0
1.019
1.019
1.0
1.0
1.019
1.019
1.019
1.019
1.019
1.019
1.02
1.02
1.021
1.022
1.041
1.062
1.061
1.08
1.061
1.022
1.023
1.023
1.023
1.025
1.024
1.054
1.023
1.027
1.022
1.051
1.052
1.025
1.057
1.031
1.027
1.027
1.046
1.047
1.047
1.076
1.072
1.046
1.046
1.065
1.047
1.049
1.029
1.032
1.033
1.035
1.02
1.019
1.045
1.016
1.014
1.017
1.046
1.05
1.024
1.08
1.024
1.022
1.023
1.018
1.045
1.017
1.046
1.063
1.034
1.031
1.033
1.033
1.043
1.062
1.062
1.035
1.036
1.039
1.075
1.036
1.035
1.021
1.02
1.015
1.014
1.012
1.01
1.009
1.01
1.012
1.007
1.008
1.009
1.009
1.009
1.007
1.008
1.017
1.018
1.018
1.008
1.01
1.007
1.007
1.007
1.026
1.007
1.026
1.026
1.007
1.026
1.024
1.023
1.003
1.003
1.003
1.003
1.005
1.024
1.003
1.003
1.004
1.005
1.006
1.007
1.01
1.01
1.01
1.01
1.032
1.031
1.059
1.051
1.056
1.051
1.032
1.053
1.048
1.065
1.066
1.049
1.046
1.032
1.065
1.063
1.056
1.032
1.055
1.052
1.021
1.029
1.01
1.048
1.048
1.048
1.028
1.006
1.007
1.003
1.003
1.002
1.003
1.003
1.004
1.003
1.005
1.002
1.001
1.001
1.001
1.001
1.011
1.014
1.021
1.031
1.02
1.01
1.03
1.02
1.02
1.0
1.0
1.001
1.001
1.001
1.001
1.02
1.02
1.023
1.025
1.045
1.045
1.028
1.002
1.003
1.002
1.003
1.027
1.027
1.025
1.026
1.048
1.042
1.05
1.054
1.061
1.032
1.039
1.033
1.039
1.046
1.051
1.033
1.05
1.051
1.052
1.047
1.045
1.05
1.025
1.03
1.028
1.011
1.01
1.009
1.052
1.051
1.051
1.071
1.073
1.048
1.064
1.07
1.103
1.11
1.086
1.123
1.122
1.103
1.066
1.062
1.062
1.062
1.043
1.047
1.027
1.024
1.025
1.022
1.051
1.024
1.024
1.005
1.005
1.007
1.004
1.004
1.022
1.022
1.021
1.021
1.021
1.021
1.031
1.021
1.022
1.021
1.021
1.021
1.04
1.04
1.021
1.021
1.021
1.044
1.032
1.026
1.034
1.044
1.043
1.037
1.035
1.039
1.041
1.04
1.036
1.044
1.039
1.056
1.048
1.039
1.041
1.044
1.049
1.054
1.054
1.033
1.038
1.033
1.045
1.013
1.011
1.012
1.016
1.015
1.013
1.015
1.017
1.018
1.015
1.016
1.012
1.014
1.011
1.01
1.008
1.008
1.03
1.032
1.04
1.037
1.031
1.054
1.063
1.059
1.052
1.07
1.072
1.056
1.049
1.051
1.066
1.086
1.088
1.071
1.067
1.057
1.065
1.068
1.072
1.068
1.068
1.069
1.063
1.046
1.064
1.074
1.063
1.053
1.031
1.031
1.026
1.026
1.036
1.038
1.037
1.032
1.029
1.05
1.03
1.041
1.039
1.044
1.053
1.049
1.035
1.054
1.041
1.042
1.041
1.041
1.038
1.038
1.038
1.036
1.036
1.045
1.055
1.074
1.076
1.093
1.112
1.096
1.066
1.076
1.065
1.045
1.045
1.025
1.024
1.015
1.014
1.015
1.02
1.021
1.02
1.021
1.021
1.02
1.018
1.018
1.019
1.037
1.035
1.018
1.016
1.016
1.016
1.015
1.072
1.037
1.037
1.037
1.047
1.042
1.041
1.041
1.038
1.06
1.057
1.116
1.059
1.081
1.08
1.063
1.067
1.113
1.046
1.028
1.044
1.044
1.043
1.043
1.092
1.075
1.065
1.103
1.094
1.114
1.131
1.11
1.059
1.044
1.061
1.042
1.021
1.042
1.04
1.046
1.042
1.021
1.041
1.04
1.038
1.055
1.031
1.055
1.035
1.082
1.059
1.048
1.051
1.053
1.091
1.062
1.061
1.062
1.057
1.057
1.048
1.045
1.049
1.086
1.045
1.07
1.052
1.072
1.049
1.054
1.056
1.073
1.074
1.037
1.079
1.066
1.047
1.083
1.043
1.084
1.086
1.066
1.063
1.056
1.035
1.033
1.033
1.072
1.09
1.053
1.057
1.037
1.055
1.034
1.016
1.032
1.035
1.037
1.015
1.029
1.047
1.031
1.029
1.029
1.006
1.006
1.003
1.005
1.003
1.005
1.004
1.005
1.005
1.005
1.013
1.014
1.015
1.006
1.005
1.005
1.005
1.023
1.032
1.042
1.042
1.044
1.044
1.045
1.045
1.064
1.057
1.044
1.062
1.063
1.061
1.08
1.091
1.082
1.073
1.064
1.063
1.063
1.063
1.064
1.045
1.047
1.056
1.043
1.044
1.046
1.044
1.044
1.064
1.045
1.025
1.028
1.026
1.025
1.027
1.024
1.007
1.005
1.005
1.006
1.006
1.006
1.005
1.005
1.008
1.024
1.026
1.027
1.027
1.032
1.047
1.047
1.047
1.047
1.047
1.049
1.047
1.046
1.046
1.047
1.047
1.045
1.047
1.048
1.067
1.048
1.048
1.046
1.044
1.026
1.028
1.029
1.03
1.031
1.032
1.031
1.031
1.01
1.035
1.034
1.03
1.03
1.052
1.058
1.014
1.016
1.01
1.01
1.01
1.009
1.015
1.016
1.019
1.018
1.017
1.037
1.018
1.018
1.019
1.007
1.008
1.026
1.027
1.025
1.024
1.046
1.045
1.045
1.044
1.043
1.054
1.043
1.044
1.045
1.091
1.054
1.057
1.152
1.1
1.108
1.098
1.08
1.099
1.14
1.157
1.11
1.118
1.117
1.145
1.107
1.094
1.066
1.097
1.071
1.097
1.069
1.047
1.085
1.028
1.036
1.028
1.03
1.075
1.029
1.027
1.007
1.008
1.047
1.01
1.01
1.048
1.014
1.014
1.013
1.012
1.012
1.012
1.01
1.012
1.013
1.012
1.029
1.031
1.029
1.031
1.03
1.031
1.067
1.026
1.027
1.027
1.025
1.004
1.003
1.003
1.002
1.002
1.002
1.022
1.024
1.023
1.024
1.026
1.027
1.026
1.025
1.026
1.025
1.027
1.026
1.065
1.028
1.066
1.066
1.03
1.03
1.031
1.069
1.068
1.032
1.035
1.112
1.074
1.037
1.114
1.04
1.039
1.081
1.116
1.04
1.039
1.153
1.04
1.038
1.078
1.118
1.121
1.276
1.164
1.318
1.285
1.324
1.282
1.186
1.149
1.283
1.167
1.243
1.213
1.284
1.217
1.253
1.281
1.236
1.519
1.251
1.415
1.452
1.405
1.331
1.521
1.445
1.445
1.521
1.521
1.444
1.442
1.366
1.48
1.35
1.426
1.521
1.617
1.485
1.622
1.549
1.707
1.766
1.957
1.902
2.019
2.117
2.002
1.985
2.043
2.064
2.143
2.237
2.278
2.278
2.383
2.396
2.355
2.519
2.491
2.511
2.589
2.666
2.629
2.668
2.668
2.668
2.726
2.745
2.765
2.844
2.807
2.872
2.846
2.885
2.807
2.807
2.787
2.69
2.69
2.727
2.727
2.805
2.805
2.766
2.766
2.785
2.804
2.775
2.805
2.805
2.814
2.805
2.843
2.807
2.826
2.807
2.771
2.771
2.693
2.758
2.79
2.863
2.808
2.808
2.844
2.795
2.797
2.836
2.772
2.772
2.79
2.781
2.736
2.719
2.765
2.719
2.728
2.702
2.693
2.629
2.686
2.768
2.8
2.778
2.732
2.595
2.595
2.67
2.706
2.768
2.761
2.768
2.779
2.781
2.777
2.742
2.814
2.876
2.869
2.862
2.925
2.886
2.925
2.934
2.925
2.925
2.98
2.961
2.922
2.883
2.941
2.922
2.904
2.786
2.826
2.826
2.942
2.961
2.961
2.961
2.961
2.941
2.883
2.941
2.941
2.961
2.97
2.922
2.96
2.922
2.921
2.853
2.842
2.727
2.833
2.805
2.825
2.766
2.692
2.719
2.73
2.776
2.729
2.815
2.853
2.844
2.883
2.901
2.921
2.883
2.883
2.922
2.931
2.922
2.931
2.961
2.961
2.961
2.98
3.0
3.0
2.963
2.963
2.963
2.981
2.963
2.963
3.0
3.0
3.0
2.98
2.972
2.961
2.942
2.894
2.903
2.903
2.866
2.836
2.866
2.875
2.885
2.903
2.845
2.836
2.788
2.825
2.788
2.797
2.815
2.862
2.844
2.863
2.825
2.834
2.854
2.844
2.894
2.874
2.823
2.746
2.784
2.795
2.843
2.816
2.894
2.873
2.882
2.804
2.795
2.853
2.835
2.774
2.735
2.667
2.698
2.629
2.686
2.746
2.786
2.749
2.804
2.815
2.797
2.806
2.787
2.731
2.799
2.794
2.815
2.844
2.788
2.76
2.798
2.749
2.817
2.728
2.691
2.715
2.763
2.7
2.632
2.714
2.736
2.686
2.673
2.643
2.577
2.585
2.569
2.619
2.627
2.704
2.762
2.708
2.716
2.724
2.765
2.773
2.755
2.824
2.891
2.862
2.901
2.901
2.872
2.901
2.891
2.94
2.863
2.911
2.862
2.881
2.921
2.892
2.941
2.96
2.931
2.961
2.97
2.98
2.961
2.98
3.0
2.981
2.972
2.981
2.953
2.956
2.962
2.944
2.962
2.944
2.981
2.981
2.981
3.0
3.0
3.0
3.0
3.0
3.0
3.0
3.0
3.0
3.0
3.0
2.97
2.997
2.94
2.958
2.95
2.93
2.95
2.997
2.98
2.98
2.97
2.981
2.98
2.971
2.971
2.98
3.0
3.0
3.0
3.0
3.0
3.0
2.981
2.981
2.981
2.972
2.972
2.963
2.981
2.981
2.981
2.981
2.972
3.0
3.0
3.0
3.0
2.981
2.981
2.981
2.981
2.981
2.975
2.961
2.971
2.971
2.99
2.972
2.962
2.971
2.977
2.97
2.98
2.98
2.97
2.961
2.99
3.0
3.0
3.0
3.0
3.0
3.0
3.0
3.0
3.0
2.98
2.98
2.961
2.97
2.97
2.98
2.961
2.97
2.98
2.96
2.967
2.94
2.909
2.89
2.907
2.891
2.9
2.87
2.87
2.89
2.83
2.84
2.86
2.83
2.84
2.85
2.861
2.86
2.84
2.84
2.8
2.89
2.87
2.86
2.801
2.812
2.789
2.723
2.73
2.711
2.702
2.752
2.795
2.86
2.798
2.813
2.787
2.797
2.811
2.807
2.719
2.744
2.747
2.812
2.757
2.752
2.73
2.725
2.745
2.728
2.673
2.642
2.687
2.655
2.643
2.563
2.481
2.542
2.6
2.603
2.674
2.708
2.66
2.577
2.668
2.55
2.45
2.445
2.499
2.504
2.428
2.394
2.44
2.399
2.369
2.389
2.391
2.371
2.4
2.442
2.435
2.472
2.482
2.56
2.43
2.379
2.33
2.311
2.336
2.323
2.281
2.335
2.317
2.191
2.281
2.275
2.282
2.242
2.189
2.211
2.109
2.104
2.114
2.168
2.148
2.061
2.11
2.06
2.112
2.06
1.978
1.871
1.849
1.773
1.733
1.713
1.711
1.604
1.651
1.623
1.623
1.611
1.571
1.619
1.56
1.569
1.512
1.484
1.511
1.502
1.482
1.438
1.452
1.432
1.448
1.401
1.397
1.428
1.408
1.369
1.311
1.299
1.29
1.308
1.259
1.251
1.221
1.201
1.219
1.219
1.209
1.189
1.18
1.2
1.2
1.2
1.189
1.16
1.139
1.139
1.139
1.119
1.099
1.099
1.099
1.08
1.07
1.07
1.07
1.09
1.09
1.1
1.1
1.09
1.09
1.091
1.09
1.07
1.07
1.06
1.07
1.07
1.06
1.081
1.07
1.061
1.06
1.06
1.04
1.04
1.03
1.01
1.01
1.0
1.0
1.0
1.0
1.0
1.0
1.0
1.0
1.0
1.0
1.0
1.0
1.0
1.0
1.0
1.0
1.0
1.0
1.0
1.0
1.0
1.0
1.0
1.0
1.0
1.0
1.0
1.0
1.0
1.0
1.01
1.01
1.01
1.01
1.01
1.0
1.0
1.0
1.0
1.0
1.0
1.0
1.0
1.0
1.0
1.0
1.0
1.0
1.0
1.0
1.0
1.0
1.0
1.01
1.01
1.01
1.01
1.01
1.0
1.01
1.01
1.01
1.01
1.01
1.01
1.01
1.01
1.01
1.02
1.02
1.01
1.01
1.01
1.01
1.01
1.03
1.03
1.01
1.05
1.03
1.03
1.03
1.03
1.03
1.03
1.03
1.02
1.02
1.02
1.02
1.02
1.02
1.01
1.01
1.01
1.02
1.02
1.03
1.03
1.05
1.05
1.05
1.08
1.06
1.08
1.06
1.08
1.08
1.07
1.08
1.08
1.087
1.05
1.05
1.05
1.05
1.05
1.03
1.02
1.0
1.0
1.0
1.01
1.01
1.01
1.019
1.019
1.019
1.019
1.019
1.019
1.019
1.038
1.048
1.058
1.029
1.029
1.039
1.039
1.039
1.039
1.059
1.059
1.059
1.059
1.059
1.049
1.049
1.049
1.03
1.03
1.03
1.03
1.03
1.04
1.06
1.07
1.06
1.07
1.06
1.04
1.04
1.05
1.05
1.05
1.03
1.03
1.03
1.03
1.03
1.03
1.03
1.02
1.02
1.02
1.02
1.03
1.03
1.02
1.02
1.03
1.039
1.039
1.049
1.049
1.059
1.059
1.049
1.039
1.039
1.02
1.02
1.02
1.02
1.02
1.02
1.02
1.03
1.03
1.02
1.02
1.02
1.02
1.03
1.04
1.05
1.05
1.05
1.05
1.07
1.09
1.07
1.08
1.08
1.08
1.08
1.06
1.06
1.07
1.05
1.05
1.05
1.05
1.05
1.05
1.03
1.04
1.05
1.04
1.03
1.03
1.04
1.03
1.03
1.03
1.03
1.02
1.02
1.02
1.02
1.02
1.02
1.02
1.02
1.02
1.02
1.02
1.02
1.02
1.03
1.05
1.05
1.06
1.07
1.06
1.06
1.05
1.05
1.06
1.06
1.03
1.048
1.03
1.0
1.0
1.0
1.0
1.0
1.001
1.001
1.001
1.001
1.001
1.001
1.0
1.0
1.0
1.0
1.0
1.0
1.0
1.0
1.0
1.001
1.001
1.002
1.002
1.002
1.012
1.022
1.023
1.023
1.033
1.025
1.034
1.034
1.023
1.013
1.012
1.002
1.003
1.013
1.012
1.013
1.013
1.014
1.015
1.016
1.015
1.015
1.016
1.006
1.006
1.005
1.013
1.003
1.002
1.0
1.01
1.01
1.01
1.01
1.01
1.01
1.01
1.01
1.01
1.01
1.02
1.02
1.02
1.03
1.03
1.03
1.03
1.03
1.04
1.04
1.03
1.02
1.02
1.02
1.02
1.03
1.03
1.03
1.03
1.058
1.05
1.05
1.06
1.06
1.088
1.07
1.07
1.09
1.07
1.08
1.098
1.07
1.06
1.05
1.03
1.03
1.03
1.03
1.03
1.03
1.03
1.03
1.03
1.03
1.03
1.03
1.03
1.03
1.03
1.03
1.04
1.03
1.03
1.039
1.039
1.039
1.039
1.039
1.039
1.039
1.039
1.02
1.02
1.02
1.03
1.02
1.02
1.02
1.02
1.02
1.02
1.02
1.02
1.02
1.02
1.02
1.02
1.02
1.02
1.02
1.02
1.02
1.02
1.02
1.02
1.02
1.0
1.001
1.001
1.001
1.001
1.001
1.001
1.001
1.011
1.01
1.01
1.0
1.0
1.0
1.0
1.0
1.0
1.0
1.0
1.0
1.0
1.0
1.0
1.0
1.0
1.0
1.001
1.001
1.001
1.001
1.001
1.001
1.002
1.003
1.003
1.003
1.005
1.004
1.005
1.006
1.007
1.008
1.016
1.016
1.006
1.004
1.004
1.024
1.024
1.024
1.024
1.027
1.028
1.027
1.008
1.009
1.008
1.009
1.009
1.007
1.008
1.007
1.007
1.007
1.006
1.006
1.007
1.027
1.025
1.035
1.025
1.024
1.024
1.024
1.025
1.025
1.024
1.043
1.053
1.033
1.004
1.004
1.004
1.006
1.006
1.006
1.006
1.025
1.025
1.025
1.025
1.005
1.006
1.006
1.006
1.006
1.007
1.007
1.006
1.016
1.027
1.029
1.029
1.038
1.028
1.026
1.025
1.025
1.025
1.023
1.023
1.023
1.013
1.012
1.012
1.022
1.023
1.023
1.023
1.033
1.014
1.012
1.024
1.023
1.013
1.011
1.021
1.031
1.03
1.03
1.03
1.03
1.03
1.03
1.04
1.04
1.04
1.05
1.04
1.05
1.078
1.08
1.078
1.07
1.07
1.1
1.128
1.1
1.09
1.09
1.088
1.07
1.1
1.09
1.07
1.07
1.09
1.09
1.09
1.08
1.08
1.08
1.08
1.08
1.08
1.06
1.08
1.088
1.06
1.04
1.04
1.03
1.04
1.02
1.03
1.039
1.049
1.039
1.02
1.02
1.02
1.01
1.01
1.0
1.0
1.0
1.01
1.01
1.01
1.01
1.01
1.01
1.02
1.03
1.01
1.01
1.02
1.03
1.03
1.03
1.03
1.02
1.01
1.02
1.02
1.02
1.02
1.01
1.0
1.019
1.019
1.019
1.019
1.019
1.019
1.019
1.0
1.019
1.019
1.019
1.019
1.019
1.019
1.019
1.029
1.049
1.049
1.038
1.029
1.039
1.039
1.039
1.039
1.039
1.049
1.049
1.02
1.02
1.02
1.02
1.039
1.049
1.039
1.029
1.029
1.029
1.029
1.039
1.049
1.039
1.03
1.03
1.056
1.03
1.03
1.03
1.03
1.02
1.02
1.02
1.02
1.02
1.01
1.01
1.01
1.01
1.011
1.011
1.011
1.011
1.021
1.03
1.011
1.011
1.011
1.011
1.01
1.01
1.01
1.01
1.02
1.01
1.01
1.01
1.02
1.03
1.02
1.03
1.04
1.03
1.03
1.02
1.03
1.03
1.03
1.01
1.01
1.02
1.02
1.0
1.0
1.0
1.0
1.0
1.0
1.0
1.0
1.0
1.0
1.0
1.0
1.0
1.0
1.019
1.019
1.019
1.019
1.0
1.01
1.01
1.01
1.01
1.01
1.01
1.01
1.0
1.01
1.01
1.01
1.01
1.01
1.01
1.01
1.01
1.02
1.04
1.04
1.04
1.03
1.05
1.05
1.04
1.04
1.03
1.02
1.02
1.03
1.04
1.03
1.03
1.03
1.03
1.04
1.04
1.05
1.05
1.05
1.05
1.04
1.04
1.05
1.04
1.03
1.057
1.04
1.03
1.03
1.03
1.02
1.02
1.02
1.02
1.02
1.02
1.02
1.02
1.02
1.02
1.01
1.01
1.01
1.01
1.01
1.0
1.0
1.0
1.01
1.01
1.01
1.01
1.01
1.01
1.01
1.0
1.0
1.0
1.0
1.0
1.0
1.0
1.0
1.0
1.0
1.0
1.0
1.0
1.0
1.0
1.0
1.0
1.0
1.0
1.0
1.0
1.0
1.0
1.0
1.0
1.01
1.0
1.0
1.0
1.0
1.0
1.01
1.01
1.02
1.01
1.01
1.01
1.01
1.01
1.01
1.01
1.01
1.01
1.01
1.03
1.01
1.02
1.03
1.03
1.03
1.02
1.02
1.03
1.02
1.02
1.03
1.03
1.03
1.03
1.03
1.03
1.03
1.03
1.03
1.03
1.03
1.03
1.03
1.04
1.04
1.05
1.03
1.03
1.03
1.03
1.02
1.03
1.03
1.03
1.05
1.06
1.06
1.06
1.07
1.06
1.06
1.05
1.049
1.05
1.04
1.04
1.03
1.02
1.02
1.02
1.02
1.02
1.02
1.01
1.01
1.01
1.01
1.01
1.01
1.01
1.01
1.01
1.02
1.02
1.02
1.02
1.03
1.02
1.02
1.02
1.04
1.01
1.01
1.01
1.01
1.02
1.02
1.01
1.02
1.02
1.02
1.02
1.02
1.03
1.03
1.03
1.03
1.03
1.03
1.04
1.02
1.02
1.02
1.01
1.01
1.01
1.01
1.01
1.01
1.01
1.01
1.0
1.01
1.01
1.01
1.01
1.02
1.02
1.02
1.01
1.01
1.01
1.01
1.01
1.0
1.01
1.01
1.01
1.01
1.01
1.02
1.02
1.02
1.02
1.02
1.02
1.02
1.03
1.04
1.04
1.04
1.04
1.03
1.03
1.03
1.03
1.03
1.03
1.02
1.02
1.03
1.02
1.02
1.02
1.02
1.02
1.02
1.02
1.02
1.01
1.01
1.01
1.01
1.01
1.01
1.02
1.01
1.01
1.0
1.0
1.0
1.0
1.0
1.0
1.0
1.0
1.01
1.01
1.01
1.01
1.01
1.01
1.02
1.04
1.04
1.04
1.03
1.04
1.02
1.02
1.02
1.02
1.03
1.03
1.03
1.03
1.02
1.01
1.01
1.01
1.01
1.011
1.001
1.001
1.001
1.001
1.001
1.002
1.04
1.004
1.004
1.013
1.013
1.014
1.014
1.024
1.023
1.023
1.032
1.032
1.034
1.035
1.035
1.053
1.052
1.031
1.031
1.04
1.04
1.041
1.042
1.044
1.061
1.061
1.06
1.059
1.088
1.059
1.06
1.06
1.06
1.05
1.05
1.061
1.061
1.061
1.061
1.081
1.072
1.071
1.071
1.08
1.079
1.06
1.07
1.06
1.06
1.06
1.06
1.07
1.071
1.06
1.051
1.031
1.031
1.031
1.031
1.031
1.031
1.031
1.031
1.029
1.029
1.02
1.02
1.02
1.029
1.039
1.039
1.039
1.02
1.01
1.0
1.0
1.0
1.0
1.0
1.0
1.0
1.0
1.0
1.0
1.0
1.01
1.01
1.01
1.01
1.01
1.01
1.02
1.02
1.02
1.01
1.02
1.02
1.02
1.03
1.03
1.03
1.02
1.01
1.01
1.01
1.01
1.01
1.01
1.01
1.01
1.01
1.01
1.01
1.01
1.01
1.01
1.01
1.01
1.0
1.0
1.0
1.0
1.0
1.0
1.0
1.0
1.0
1.0
1.0
1.0
1.01
1.01
1.01
1.01
1.01
1.01
1.01
1.01
1.01
1.01
1.02
1.03
1.03
1.03
1.03
1.031
1.041
1.04
1.04
1.04
1.021
1.04
1.05
1.079
1.051
1.05
1.031
1.031
1.021
1.021
1.021
1.021
1.02
1.021
1.021
1.021
1.021
1.011
1.001
1.002
1.003
1.013
1.012
1.011
1.011
1.012
1.013
1.013
1.013
1.013
1.012
1.014
1.013
1.012
1.012
1.012
1.012
1.012
1.022
1.022
1.041
1.05
1.07
1.07
1.052
1.054
1.043
1.053
1.043
1.073
1.065
1.063
1.064
1.044
1.043
1.025
1.015
1.014
1.014
1.014
1.014
1.025
1.024
1.034
1.034
1.034
1.032
1.032
1.032
1.032
1.032
1.031
1.031
1.021
1.039
1.039
1.039
1.039
1.039
1.039
1.049
1.069
1.079
1.079
1.079
1.079
1.07
1.06
1.06
1.05
1.049
1.058
1.058
1.087
1.087
1.058
1.048
1.038
1.038
1.019
1.019
1.019
1.019
1.019
1.038
1.019
1.019
1.019
1.019
1.02
1.02
1.02
1.02
1.02
1.02
1.02
1.001
1.001
1.001
1.001
1.001
1.001
1.0
1.0
1.0
1.0
1.0
1.0
1.0
1.0
1.0
1.0
1.0
1.0
1.0
1.0
1.0
1.01
1.01
1.02
1.02
1.02
1.03
1.03
1.03
1.04
1.04
1.03
1.03
1.031
1.03
1.03
1.03
1.03
1.04
1.031
1.032
1.032
1.032
1.032
1.023
1.024
1.003
1.002
1.001
1.001
1.001
1.001
1.001
1.002
1.021
1.021
1.022
1.031
1.021
1.021
1.019
1.02
1.02
1.019
1.019
1.019
1.02
1.02
1.02
1.019
1.019
1.019
1.019
1.029
1.03
1.03
1.02
1.02
1.029
1.029
1.039
1.039
1.05
1.03
1.031
1.031
1.031
1.021
1.031
1.021
1.011
1.011
1.002
1.002
1.002
1.001
1.011
1.011
1.01
1.01
1.02
1.02
1.01
1.01
1.01
1.02
1.01
1.01
1.01
1.01
1.029
1.029
1.029
1.01
1.01
1.01
1.01
1.01
1.01
1.01
1.01
1.01
1.01
1.0
1.0
1.0
1.0
1.0
1.0
1.0
1.0
1.0
1.0
1.0
1.0
1.0
1.0
1.0
1.0
1.0
1.0
1.01
1.01
1.01
1.0
1.0
1.0
1.0
1.001
1.001
1.001
1.011
1.021
1.031
1.031
1.031
1.031
1.041
1.041
1.041
1.041
1.031
1.05
1.06
1.071
1.069
1.09
1.062
1.062
1.061
1.06
1.06
1.06
1.06
1.089
1.049
1.05
1.031
1.024
1.005
1.004
1.004
1.004
1.006
1.007
1.006
1.008
1.007
1.009
1.007
1.007
1.024
1.024
1.024
1.024
1.026
1.025
1.024
1.024
1.022
1.022
1.022
1.022
1.023
1.024
1.024
1.021
1.022
1.022
1.024
1.035
1.057
1.065
1.065
1.044
1.042
1.041
1.041
1.051
1.051
1.041
1.04
1.05
1.05
1.05
1.05
1.05
1.05
1.06
1.063
1.052
1.052
1.053
1.053
1.034
1.024
1.023
1.022
1.022
1.032
1.042
1.013
1.014
1.013
1.012
1.021
1.021
1.011
1.011
1.011
1.011
1.011
1.011
1.011
1.03
1.011
1.011
1.011
1.011
1.021
1.021
1.031
1.031
1.031
1.011
1.021
1.021
1.021
1.021
1.021
1.021
1.021
1.02
1.02
1.02
1.01
1.02
1.02
1.02
1.03
1.02
1.02
1.03
1.03
1.03
1.03
1.03
1.03
1.04
1.06
1.06
1.06
1.05
1.05
1.05
1.06
1.07
1.1
1.08
1.06
1.06
1.06
1.07
1.07
1.06
1.05
1.04
1.03
1.03
1.03
1.03
1.03
1.03
1.03
1.03
1.03
1.04
1.04
1.04
1.05
1.03
1.03
1.03
1.03
1.02
1.02
1.02
1.03
1.03
1.05
1.06
1.04
1.04
1.04
1.05
1.04
1.04
1.04
1.04
1.04
1.05
1.05
1.05
1.05
1.05
1.03
1.03
1.02
1.03
1.03
1.02
1.029
1.068
1.068
1.068
1.068
1.058
1.058
1.048
1.058
1.048
1.048
1.048
1.048
1.048
1.048
1.048
1.048
1.058
1.058
1.058
1.058
1.068
1.058
1.058
1.048
1.029
1.029
1.029
1.039
1.039
1.039
1.039
1.039
1.039
1.029
1.029
1.039
1.039
1.049
1.049
1.049
1.039
1.039
1.04
1.059
1.03
1.03
1.03
1.03
1.03
1.03
1.03
1.05
1.05
1.04
1.03
1.03
1.02
1.02
1.02
1.02
1.02
1.02
1.02
1.02
1.02
1.04
1.03
1.03
1.03
1.04
1.04
1.04
1.03
1.05
1.08
1.08
1.08
1.06
1.08
1.06
1.05
1.05
1.05
1.04
1.03
1.03
1.04
1.03
1.04
1.04
1.04
1.05
1.05
1.06
1.05
1.03
1.04
1.03
1.04
1.02
1.02
1.03
1.04
1.04
1.04
1.04
1.07
1.08
1.09
1.08
1.08
1.07
1.06
1.06
1.079
1.079
1.089
1.08
1.079
1.079
1.069
1.079
1.079
1.069
1.069
1.059
1.059
1.059
1.049
1.049
1.049
1.069
1.059
1.049
1.049
1.039
1.029
1.029
1.029
1.029
1.02
1.01
1.01
1.02
1.02
1.02
1.03
1.03
1.04
1.04
1.03
1.04
1.02
1.02
1.02
1.02
1.02
1.02
1.02
1.02
1.02
1.02
1.02
1.01
1.01
1.01
1.01
1.02
1.01
1.01
1.01
1.01
1.01
1.03
1.04
1.03
1.03
1.03
1.04
1.03
1.03
1.03
1.01
1.01
1.01
1.01
1.01
1.01
1.01
1.01
1.01
1.0
1.0
1.0
1.0
1.0
1.0
1.0
1.0
1.01
1.0
1.01
1.01
1.01
1.01
1.01
1.01
1.0
1.0
1.0
1.0
1.0
1.0
1.0
1.0
1.01
1.0
1.0
1.0
1.0
1.0
1.0
1.0
1.0
1.0
1.0
1.0
1.0
1.0
1.0
1.0
1.0
1.0
1.01
1.01
1.0
1.0
1.0
1.0
1.01
1.0
1.0
1.01
1.01
1.0
1.019
1.019
1.019
1.019
1.0
1.0
1.0
1.0
1.0
1.0
1.0
1.0
1.0
1.0
1.0
1.0
1.0
1.0
1.01
1.01
1.01
1.01
1.01
1.0
1.0
1.0
1.0
1.01
1.01
1.01
1.01
1.01
1.0
1.0
1.0
1.0
1.0
1.0
1.0
1.0
1.0
1.0
1.0
1.01
1.01
1.01
1.01
1.01
1.01
1.01
1.01
1.01
1.01
1.01
1.01
1.011
1.021
1.011
1.011
1.011
1.01
1.01
1.01
1.01
1.01
1.011
1.011
1.012
1.012
1.01
1.01
1.01
1.0
1.0
1.0
1.0
1.0
1.0
1.0
1.0
1.0
1.0
1.0
1.0
1.0
1.001
1.0
1.0
1.019
1.019
1.019
1.02
1.02
1.02
1.02
1.02
1.02
1.02
1.02
1.001
1.001
1.0
1.0
1.0
1.0
1.0
1.0
1.0
1.0
1.0
1.0
1.01
1.01
1.02
1.02
1.02
1.01
1.01
1.01
1.01
1.01
1.02
1.02
1.01
1.01
1.02
1.01
1.01
1.01
1.01
1.01
1.01
1.0
1.0
1.0
1.0
1.0
1.0
1.0
1.0
1.0
1.0
1.0
1.0
1.0
1.01
1.0
1.0
1.0
1.0
1.0
1.0
1.0
1.0
1.0
1.0
1.0
1.01
1.01
1.01
1.01
1.01
1.029
1.029
1.029
1.01
1.029
1.01
1.01
1.01
1.01
1.01
1.01
1.01
1.02
1.01
1.01
1.0
1.0
1.0
1.0
1.0
1.0
1.0
1.0
1.0
1.0
1.0
1.0
1.0
1.0
1.0
1.0
1.0
1.0
1.0
1.0
1.0
1.0
1.0
1.0
1.0
1.0
1.0
1.0
1.001
1.011
1.001
1.0
1.0
1.0
1.0
1.0
1.0
1.0
1.0
1.01
1.01
1.01
1.01
1.01
1.0
1.0
1.0
1.01
1.01
1.0
1.0
1.0
1.0
1.0
1.0
1.0
1.0
1.0
1.0
1.0
1.0
1.001
1.001
1.011
1.011
1.022
1.041
1.041
1.041
1.03
1.03
1.029
1.029
1.049
1.049
1.049
1.049
1.049
1.049
1.049
1.029
1.029
1.029
1.029
1.029
1.019
1.019
1.019
1.019
1.0
1.0
1.0
1.0
1.0
1.0
1.001
1.001
1.002
1.002
1.002
1.002
1.002
1.003
1.013
1.004
1.005
1.004
1.016
1.024
1.015
1.015
1.036
1.038
1.038
1.04
1.041
1.041
1.041
1.042
1.052
1.071
1.072
1.073
1.082
1.065
1.067
1.097
1.088
1.086
1.082
1.062
1.09
1.096
1.087
1.097
1.106
1.103
1.083
1.075
1.075
1.075
1.074
1.065
1.056
1.056
1.06
1.071
1.079
1.07
1.061
1.063
1.069
1.058
1.047
1.045
1.055
1.064
1.043
1.046
1.042
1.052
1.062
1.062
1.072
1.083
1.114
1.109
1.104
1.085
1.084
1.092
1.073
1.082
1.081
1.081
1.101
1.081
1.071
1.101
1.095
1.091
1.101
1.101
1.081
1.09
1.111
1.053
1.043
1.043
1.043
1.043
1.045
1.045
1.045
1.045
1.044
1.044
